timestamp,name,playing,visits,visitschange,favoritedCount,favoritedchange,upVotes,upVoteschange,downVotes,downVoteschange,upVotespercentage
2025-01-03 15:42:30,Rerailed [UPD!],167,163102,0,2280,0,740,0,182,0,0.0
2025-01-03 18:34:46,Rerailed [UPD!],144,165184,2082,2310,30,753,13,185,3,80.2771855010661
2025-01-03 18:45:47,Rerailed [UPD!],164,165302,118,2312,2,753,0,185,0,80.2771855010661
2025-01-03 18:55:00,Rerailed [UPD!],170,165416,114,2315,3,754,1,185,0,80.29818956336528
2025-01-03 18:58:12,Rerailed [UPD!],157,165447,31,2315,0,754,0,185,0,80.29818956336528
2025-01-03 19:04:05,Rerailed [UPD!],155,165515,68,2316,1,754,0,185,0,80.29818956336528
2025-01-03 19:06:27,Rerailed [UPD!],159,165543,28,2316,0,754,0,185,0,80.29818956336528
2025-01-03 19:06:54,Rerailed [UPD!],159,165549,6,2316,0,754,0,185,0,80.29818956336528
2025-01-03 19:08:12,Rerailed [UPD!],159,165562,13,2316,0,754,0,185,0,80.29818956336528
2025-01-03 19:08:36,Rerailed [UPD!],164,165571,9,2316,0,754,0,185,0,80.29818956336528
2025-01-03 19:18:03,Rerailed [UPD!],143,165649,78,2317,1,754,0,185,0,80.29818956336528
2025-01-03 19:18:38,Rerailed [UPD!],143,165649,0,2317,0,754,0,185,0,80.29818956336528
2025-01-03 19:18:58,Rerailed [UPD!],143,165660,11,2317,0,754,0,185,0,80.29818956336528
2025-01-03 19:19:19,Rerailed [UPD!],143,165660,0,2317,0,754,0,185,0,80.29818956336528
2025-01-03 19:24:06,Rerailed [UPD!],151,165707,47,2317,0,754,0,185,0,80.29818956336528
2025-01-03 19:34:06,Rerailed [UPD!],150,165806,99,2321,4,755,1,186,1,80.23379383634432
2025-01-03 19:44:07,Rerailed [UPD!],144,165919,113,2324,3,757,2,186,0,80.27571580063628
2025-01-03 19:54:08,Rerailed [UPD!],139,165999,80,2325,1,758,1,186,0,80.29661016949152
2025-01-03 20:03:54,Rerailed [UPD!],122,166066,67,2325,0,759,1,186,0,80.31746031746032
2025-01-03 20:13:54,Rerailed [UPD!],111,166160,94,2329,4,759,0,186,0,80.31746031746032
2025-01-03 20:23:55,Rerailed [UPD!],107,166246,86,2330,1,759,0,186,0,80.31746031746032
2025-01-03 20:33:56,Rerailed [UPD!],99,166325,79,2331,1,759,0,187,1,80.23255813953489
2025-01-03 20:43:57,Rerailed [UPD!],100,166410,85,2331,0,759,0,187,0,80.23255813953489
2025-01-03 20:53:57,Rerailed [UPD!],119,166510,100,2334,3,759,0,187,0,80.23255813953489
2025-01-03 21:03:58,Rerailed [UPD!],109,166582,72,2334,0,761,2,188,1,80.18967334035827
2025-01-03 21:13:59,Rerailed [UPD!],113,166674,92,2335,1,763,2,188,0,80.23133543638275
2025-01-03 21:24:00,Rerailed [UPD!],128,166785,111,2336,1,763,0,188,0,80.23133543638275
2025-01-03 21:34:00,Rerailed [UPD!],134,166885,100,2336,0,764,1,189,1,80.16789087093389
2025-01-03 21:44:01,Rerailed [UPD!],125,166964,79,2336,0,764,0,189,0,80.16789087093389
2025-01-03 21:54:02,Rerailed [UPD!],131,167056,92,2337,1,765,1,190,1,80.10471204188482
2025-01-03 22:04:02,Rerailed [UPD!],142,167143,87,2337,0,765,0,190,0,80.10471204188482
2025-01-03 22:14:03,Rerailed [UPD!],143,167235,92,2338,1,765,0,190,0,80.10471204188482
2025-01-03 22:24:04,Rerailed [UPD!],137,167328,93,2339,1,767,2,190,0,80.14629049111808
2025-01-03 22:34:04,Rerailed [UPD!],122,167411,83,2340,1,767,0,190,0,80.14629049111808
2025-01-03 22:44:05,Rerailed [UPD!],137,167506,95,2341,1,768,1,190,0,80.1670146137787
2025-01-03 22:54:06,Rerailed [UPD!],136,167600,94,2341,0,768,0,190,0,80.1670146137787
2025-01-03 23:04:06,Rerailed [UPD!],139,167709,109,2345,4,769,1,190,0,80.18769551616268
2025-01-03 23:14:07,Rerailed [UPD!],144,167806,97,2345,0,770,1,190,0,80.20833333333334
2025-01-03 23:24:08,Rerailed [UPD!],132,167913,107,2348,3,771,1,190,0,80.22892819979188
2025-01-03 23:34:08,Rerailed [UPD!],122,168010,97,2348,0,771,0,190,0,80.22892819979188
2025-01-03 23:44:09,Rerailed [UPD!],103,168104,94,2350,2,772,1,191,1,80.16614745586709
2025-01-03 23:54:10,Rerailed [UPD!],104,168178,74,2356,6,772,0,191,0,80.16614745586709
2025-01-04 00:04:11,Rerailed [UPD!],112,168290,112,2359,3,772,0,191,0,80.16614745586709
2025-01-04 00:14:11,Rerailed [UPD!],112,168391,101,2359,0,772,0,191,0,80.16614745586709
2025-01-04 00:24:12,Rerailed [UPD!],127,168508,117,2360,1,772,0,191,0,80.16614745586709
2025-01-04 00:34:13,Rerailed [UPD!],132,168611,103,2361,1,773,1,191,0,80.18672199170125
2025-01-04 00:44:13,Rerailed [UPD!],150,168703,92,2364,3,774,1,191,0,80.20725388601036
2025-01-04 00:54:14,Rerailed [UPD!],155,168800,97,2366,2,775,1,191,0,80.22774327122153
2025-01-04 01:04:15,Rerailed [UPD!],149,168921,121,2369,3,775,0,191,0,80.22774327122153
2025-01-04 01:14:15,Rerailed [UPD!],148,168997,76,2371,2,775,0,191,0,80.22774327122153
2025-01-04 01:24:16,Rerailed [UPD!],163,169091,94,2373,2,775,0,191,0,80.22774327122153
2025-01-04 01:34:17,Rerailed [UPD!],149,169191,100,2375,2,777,2,191,0,80.26859504132231
2025-01-04 01:44:17,Rerailed [UPD!],137,169275,84,2376,1,778,1,191,0,80.28895768833848
2025-01-04 01:54:18,Rerailed [UPD!],146,169387,112,2377,1,779,1,191,0,80.30927835051547
2025-01-04 02:04:19,Rerailed [UPD!],156,169466,79,2377,0,779,0,191,0,80.30927835051547
2025-01-04 02:14:19,Rerailed [UPD!],171,169576,110,2377,0,779,0,191,0,80.30927835051547
2025-01-04 02:24:20,Rerailed [UPD!],170,169675,99,2378,1,779,0,191,0,80.30927835051547
2025-01-04 02:34:21,Rerailed [UPD!],156,169770,95,2379,1,780,1,191,0,80.32955715756952
2025-01-04 02:44:22,Rerailed [UPD!],164,169865,95,2379,0,780,0,191,0,80.32955715756952
2025-01-04 02:54:22,Rerailed [UPD!],152,169964,99,2380,1,781,1,191,0,80.34979423868313
2025-01-04 03:04:23,Rerailed [UPD!],157,170098,134,2380,0,781,0,191,0,80.34979423868313
2025-01-04 03:14:24,Rerailed [UPD!],173,170235,137,2381,1,782,1,191,0,80.36998972250771
2025-01-04 03:24:24,Rerailed [UPD!],183,170374,139,2382,1,782,0,191,0,80.36998972250771
2025-01-04 03:34:25,Rerailed [UPD!],179,170518,144,2383,1,782,0,191,0,80.36998972250771
2025-01-04 03:44:26,Rerailed [UPD!],185,170668,150,2385,2,783,1,191,0,80.39014373716633
2025-01-04 03:54:26,Rerailed [UPD!],178,170823,155,2386,1,784,1,191,0,80.41025641025641
2025-01-04 04:04:27,Rerailed [UPD!],193,170979,156,2386,0,784,0,191,0,80.41025641025641
2025-01-04 04:14:28,Rerailed [UPD!],185,171096,117,2387,1,785,1,191,0,80.43032786885246
2025-01-04 04:24:29,Rerailed [UPD!],196,171230,134,2387,0,785,0,192,1,80.34800409416582
2025-01-04 04:34:29,Rerailed [UPD!],177,171340,110,2389,2,788,3,192,0,80.40816326530611
2025-01-04 04:44:30,Rerailed [UPD!],177,171442,102,2390,1,788,0,192,0,80.40816326530611
2025-01-04 04:54:31,Rerailed [UPD!],211,171603,161,2391,1,789,1,192,0,80.42813455657493
2025-01-04 05:04:32,Rerailed [UPD!],198,171764,161,2391,0,789,0,192,0,80.42813455657493
2025-01-04 05:14:32,Rerailed [UPD!],201,171906,142,2392,1,789,0,192,0,80.42813455657493
2025-01-04 05:24:33,Rerailed [UPD!],220,172056,150,2392,0,790,1,192,0,80.44806517311609
2025-01-04 05:34:34,Rerailed [UPD!],229,172234,178,2394,2,790,0,192,0,80.44806517311609
2025-01-04 05:44:35,Rerailed [UPD!],204,172364,130,2397,3,792,2,193,1,80.40609137055837
2025-01-04 05:50:47,Rerailed [UPD!],220,172456,92,2398,1,792,0,193,0,80.40609137055837
2025-01-04 05:53:33,Rerailed,213,172499,43,2398,0,792,0,193,0,80.40609137055837
2025-01-04 05:53:51,Rerailed,213,172499,0,2398,0,792,0,193,0,80.40609137055837
2025-01-04 05:58:46,Rerailed [UPD!],213,172564,65,2398,0,793,1,193,0,80.4259634888438
2025-01-04 06:07:17,Rerailed,207,172678,114,2399,1,796,3,193,0,80.48533872598584
2025-01-04 06:10:00,Rerailed,205,172721,43,2399,0,796,0,193,0,80.48533872598584
2025-01-04 06:20:01,Rerailed,210,172862,141,2400,1,796,0,193,0,80.48533872598584
2025-01-04 06:22:45,Rerailed,208,172892,30,2400,0,796,0,193,0,80.48533872598584
2025-01-04 06:32:46,Rerailed,230,173057,165,2400,0,796,0,193,0,80.48533872598584
2025-01-04 06:42:47,Rerailed,241,173222,165,2400,0,797,1,193,0,80.5050505050505
2025-01-04 06:52:48,Rerailed,243,173371,149,2401,1,798,1,193,0,80.5247225025227
2025-01-04 07:02:48,Rerailed,224,173512,141,2403,2,799,1,193,0,80.54435483870968
2025-01-04 07:04:20,Rerailed,224,173538,26,2403,0,799,0,193,0,80.54435483870968
2025-01-04 07:12:41,Rerailed,215,173648,110,2405,2,799,0,193,0,80.54435483870968
2025-01-04 07:22:42,Rerailed,222,173800,152,2405,0,799,0,193,0,80.54435483870968
2025-01-04 07:32:43,Rerailed,202,173924,124,2406,1,799,0,193,0,80.54435483870968
2025-01-04 07:42:43,Rerailed,175,174045,121,2406,0,800,1,193,0,80.56394763343404
2025-01-04 07:52:44,Rerailed,183,174221,176,2408,2,801,1,193,0,80.58350100603622
2025-01-04 08:02:45,Rerailed,190,174370,149,2408,0,801,0,193,0,80.58350100603622
2025-01-04 08:12:46,Rerailed,214,174534,164,2409,1,801,0,193,0,80.58350100603622
2025-01-04 08:22:46,Rerailed,188,174678,144,2412,3,801,0,194,1,80.50251256281406
2025-01-04 08:32:47,Rerailed,195,174833,155,2412,0,803,2,194,0,80.54162487462388
2025-01-04 08:42:48,Rerailed,210,175032,199,2417,5,803,0,194,0,80.54162487462388
2025-01-04 08:52:49,Rerailed,217,175178,146,2421,4,804,1,194,0,80.56112224448898
2025-01-04 09:02:49,Rerailed,217,175368,190,2423,2,804,0,194,0,80.56112224448898
2025-01-04 09:12:50,Rerailed,208,175520,152,2424,1,806,2,194,0,80.60000000000001
2025-01-04 09:22:51,Rerailed,228,175669,149,2427,3,808,2,194,0,80.63872255489022
2025-01-04 09:32:52,Rerailed,224,175810,141,2430,3,808,0,194,0,80.63872255489022
2025-01-04 09:42:52,Rerailed,234,175985,175,2431,1,808,0,194,0,80.63872255489022
2025-01-04 09:52:53,Rerailed,225,176118,133,2431,0,808,0,194,0,80.63872255489022
2025-01-04 10:02:54,Rerailed,231,176277,159,2433,2,808,0,194,0,80.63872255489022
2025-01-04 10:12:55,Rerailed,248,176444,167,2434,1,810,2,194,0,80.67729083665338
2025-01-04 10:22:55,Rerailed,246,176605,161,2436,2,811,1,194,0,80.69651741293532
2025-01-04 10:32:56,Rerailed,251,176779,174,2438,2,811,0,194,0,80.69651741293532
2025-01-04 10:42:57,Rerailed,206,176904,125,2439,1,813,2,194,0,80.73485600794439
2025-01-04 10:52:58,Rerailed,218,177035,131,2440,1,814,1,194,0,80.75396825396825
2025-01-04 11:02:58,Rerailed,223,177178,143,2441,1,814,0,194,0,80.75396825396825
2025-01-04 11:12:59,Rerailed,210,177326,148,2443,2,815,1,194,0,80.77304261645193
2025-01-04 11:23:00,Rerailed,220,177478,152,2445,2,815,0,194,0,80.77304261645193
2025-01-04 11:33:01,Rerailed,182,177599,121,2445,0,816,1,194,0,80.79207920792079
2025-01-04 11:43:01,Rerailed,183,177753,154,2446,1,817,1,194,0,80.811078140455
2025-01-04 11:53:02,Rerailed,194,177881,128,2447,1,817,0,194,0,80.811078140455
2025-01-04 11:55:10,Rerailed,200,177906,25,2447,0,818,1,194,0,80.8300395256917
2025-01-04 11:57:35,Rerailed,190,177948,42,2448,1,818,0,194,0,80.8300395256917
2025-01-04 11:58:12,Rerailed,190,177952,4,2448,0,818,0,194,0,80.8300395256917
2025-01-04 12:00:16,Rerailed,190,177973,21,2449,1,818,0,194,0,80.8300395256917
2025-01-04 17:10:17,Rerailed,179,178072,99,2450,1,819,1,194,0,80.84896347482726
2025-01-04 17:27:24,Rerailed,202,178290,218,2452,2,821,2,194,0,80.88669950738915
2025-01-04 19:46:15,Rerailed,159,179860,157,2465,13,827,6,195,1,80.91976516634051
2025-01-04 19:46:43,Rerailed,159,179860,0,2465,0,827,0,195,0,80.91976516634051
2025-01-04 19:50:00,Rerailed,163,179904,44,2466,1,827,0,195,0,80.91976516634051
2025-01-04 20:00:00,Rerailed,162,180012,108,2468,2,827,0,195,0,80.91976516634051
2025-01-04 20:10:01,Rerailed,155,180103,91,2469,1,828,1,195,0,80.93841642228739
2025-01-04 20:20:01,Rerailed,156,180209,106,2476,7,831,3,196,1,80.91528724440117
2025-01-04 20:30:00,Rerailed,131,180304,95,2477,1,833,2,196,0,80.95238095238095
2025-01-04 20:40:01,Rerailed,131,180398,94,2477,0,834,1,196,0,80.97087378640776
2025-01-04 20:50:00,Rerailed,128,180500,102,2479,2,836,2,196,0,81.0077519379845
2025-01-04 21:00:00,Rerailed,147,180621,121,2480,1,837,1,196,0,81.02613746369796
2025-01-04 21:10:01,Rerailed,148,180732,111,2482,2,837,0,196,0,81.02613746369796
2025-01-04 21:20:01,Rerailed,148,180833,101,2484,2,837,0,196,0,81.02613746369796
2025-01-04 21:30:01,Rerailed,164,180949,116,2486,2,837,0,196,0,81.02613746369796
2025-01-04 21:40:01,Rerailed,171,181053,104,2487,1,838,1,197,1,80.96618357487922
2025-01-04 21:50:01,Rerailed,163,181159,106,2488,1,839,1,197,0,80.98455598455598
2025-01-04 22:00:00,Rerailed,165,181278,119,2491,3,840,1,197,0,81.00289296046287
2025-01-04 22:10:00,Rerailed,168,181405,127,2493,2,840,0,197,0,81.00289296046287
2025-01-04 22:20:00,Rerailed,158,181510,105,2493,0,840,0,197,0,81.00289296046287
2025-01-04 22:30:00,Rerailed,159,181634,124,2493,0,840,0,197,0,81.00289296046287
2025-01-04 22:40:01,Rerailed,145,181755,121,2495,2,840,0,197,0,81.00289296046287
2025-01-04 22:50:01,Rerailed,145,181857,102,2495,0,841,1,197,0,81.02119460500964
2025-01-04 23:00:01,Rerailed,140,181931,74,2496,1,841,0,197,0,81.02119460500964
2025-01-04 23:10:01,Rerailed,131,182031,100,2498,2,841,0,197,0,81.02119460500964
2025-01-04 23:20:01,Rerailed,115,182121,90,2499,1,841,0,197,0,81.02119460500964
2025-01-04 23:30:01,Rerailed,138,182206,85,2500,1,841,0,197,0,81.02119460500964
2025-01-04 23:40:00,Rerailed,134,182315,109,2502,2,841,0,198,1,80.9432146294514
2025-01-04 23:50:00,Rerailed,115,182391,76,2504,2,842,1,198,0,80.96153846153847
2025-01-05 00:00:01,Rerailed,120,182509,118,2505,1,843,1,198,0,80.97982708933718
2025-01-05 00:10:01,Rerailed,107,182587,78,2505,0,843,0,198,0,80.97982708933718
2025-01-05 00:20:01,Rerailed,111,182678,91,2506,1,843,0,199,1,80.90211132437621
2025-01-05 00:30:00,Rerailed,109,182772,94,2506,0,843,0,199,0,80.90211132437621
2025-01-05 00:40:00,Rerailed,122,182868,96,2506,0,843,0,199,0,80.90211132437621
